+0.0000000 +0.0000000 +0.0000000
+0.0327191 +0.1621511 +0.0815374
+0.0654031 +0.3158361 +0.1619190
+0.0980171 +0.4542837 +0.2400554
+0.1305262 +0.5734376 +0.3149811
+0.1628955 +0.6720519 +0.3858988
+0.1950903 +0.7510893 +0.4522057
+0.2270763 +0.8128522 +0.5135010
+0.2588190 +0.8601946 +0.5695771
+0.2902847 +0.8959734 +0.6203991
+0.3214395 +0.9227443 +0.6660756
+0.3522500 +0.9426421 +0.7068269
+0.3826834 +0.9573712 +0.7429531
+0.4127070 +0.9682517 +0.7748050
+0.4422887 +0.9762853 +0.8027600
+0.4713967 +0.9822210 +0.8272025
+0.5000000 +0.9866142 +0.8485087
+0.5280679 +0.9898735 +0.8670369
+0.5555702 +0.9922990 +0.8831206
+0.5824777 +0.9941104 +0.8970648
+0.6087614 +0.9954686 +0.9091449
+0.6343933 +0.9964914 +0.9196062
+0.6593458 +0.9972651 +0.9286656
+0.6835923 +0.9978533 +0.9365134
+0.7071068 +0.9983028 +0.9433154
+0.7298641 +0.9986480 +0.9492156
+0.7518398 +0.9989146 +0.9543382
+0.7730105 +0.9991216 +0.9587903
+0.7933533 +0.9992832 +0.9626637
+0.8128467 +0.9994101 +0.9660374
+0.8314696 +0.9995103 +0.9689788
+0.8492022 +0.9995899 +0.9715455
+0.8660254 +0.9996534 +0.9737868
+0.8819213 +0.9997043 +0.9757446
+0.8968727 +0.9997454 +0.9774549
+0.9108638 +0.9997786 +0.9789482
+0.9238795 +0.9998056 +0.9802505
+0.9359059 +0.9998276 +0.9813840
+0.9469301 +0.9998456 +0.9823674
+0.9569403 +0.9998603 +0.9832168
+0.9659258 +0.9998723 +0.9839455
+0.9738770 +0.9998821 +0.9845648
+0.9807853 +0.9998900 +0.9850843
+0.9866433 +0.9998962 +0.9855117
+0.9914449 +0.9999011 +0.9858532
+0.9951847 +0.9999047 +0.9861139
+0.9978589 +0.9999072 +0.9862975
+0.9994646 +0.9999087 +0.9864066
+1.0000000 +0.9999092 +0.9864428
+0.9994646 +0.9999087 +0.9864066
+0.9978589 +0.9999072 +0.9862975
+0.9951847 +0.9999047 +0.9861139
+0.9914449 +0.9999011 +0.9858532
+0.9866433 +0.9998962 +0.9855117
+0.9807853 +0.9998900 +0.9850843
+0.9738770 +0.9998821 +0.9845648
+0.9659258 +0.9998723 +0.9839455
+0.9569403 +0.9998603 +0.9832168
+0.9469301 +0.9998456 +0.9823674
+0.9359059 +0.9998276 +0.9813840
+0.9238795 +0.9998056 +0.9802505
+0.9108638 +0.9997786 +0.9789482
+0.8968727 +0.9997454 +0.9774549
+0.8819213 +0.9997043 +0.9757446
+0.8660254 +0.9996534 +0.9737868
+0.8492022 +0.9995899 +0.9715455
+0.8314696 +0.9995103 +0.9689788
+0.8128467 +0.9994101 +0.9660374
+0.7933533 +0.9992832 +0.9626637
+0.7730105 +0.9991216 +0.9587903
+0.7518398 +0.9989146 +0.9543382
+0.7298641 +0.9986480 +0.9492156
+0.7071068 +0.9983028 +0.9433154
+0.6835923 +0.9978533 +0.9365134
+0.6593458 +0.9972651 +0.9286656
+0.6343933 +0.9964914 +0.9196062
+0.6087614 +0.9954686 +0.9091449
+0.5824777 +0.9941104 +0.8970648
+0.5555702 +0.9922990 +0.8831206
+0.5280679 +0.9898735 +0.8670369
+0.5000000 +0.9866142 +0.8485087
+0.4713967 +0.9822210 +0.8272025
+0.4422887 +0.9762853 +0.8027600
+0.4127070 +0.9682517 +0.7748050
+0.3826834 +0.9573712 +0.7429531
+0.3522500 +0.9426421 +0.7068269
+0.3214395 +0.9227443 +0.6660756
+0.2902847 +0.8959734 +0.6203991
+0.2588190 +0.8601946 +0.5695771
+0.2270763 +0.8128522 +0.5135010
+0.1950903 +0.7510893 +0.4522057
+0.1628955 +0.6720519 +0.3858988
+0.1305262 +0.5734376 +0.3149811
+0.0980171 +0.4542837 +0.2400554
+0.0654031 +0.3158361 +0.1619190
+0.0327191 +0.1621511 +0.0815374
+0.0000000 +0.0000000 +0.0000000
-0.0327191 -0.1621511 -0.0815374
-0.0654031 -0.3158361 -0.1619190
-0.0980171 -0.4542837 -0.2400554
-0.1305262 -0.5734376 -0.3149811
-0.1628955 -0.6720519 -0.3858988
-0.1950903 -0.7510893 -0.4522057
-0.2270763 -0.8128522 -0.5135010
-0.2588190 -0.8601946 -0.5695771
-0.2902847 -0.8959734 -0.6203991
-0.3214395 -0.9227443 -0.6660756
-0.3522500 -0.9426421 -0.7068269
-0.3826834 -0.9573712 -0.7429531
-0.4127070 -0.9682517 -0.7748050
-0.4422887 -0.9762853 -0.8027600
-0.4713967 -0.9822210 -0.8272025
-0.5000000 -0.9866142 -0.8485087
-0.5280679 -0.9898735 -0.8670369
-0.5555702 -0.9922990 -0.8831206
-0.5824777 -0.9941104 -0.8970648
-0.6087614 -0.9954686 -0.9091449
-0.6343933 -0.9964914 -0.9196062
-0.6593458 -0.9972651 -0.9286656
-0.6835923 -0.9978533 -0.9365134
-0.7071068 -0.9983028 -0.9433154
-0.7298641 -0.9986480 -0.9492156
-0.7518398 -0.9989146 -0.9543382
-0.7730105 -0.9991216 -0.9587903
-0.7933533 -0.9992832 -0.9626637
-0.8128467 -0.9994101 -0.9660374
-0.8314696 -0.9995103 -0.9689788
-0.8492022 -0.9995899 -0.9715455
-0.8660254 -0.9996534 -0.9737868
-0.8819213 -0.9997043 -0.9757446
-0.8968727 -0.9997454 -0.9774549
-0.9108638 -0.9997786 -0.9789482
-0.9238795 -0.9998056 -0.9802505
-0.9359059 -0.9998276 -0.9813840
-0.9469301 -0.9998456 -0.9823674
-0.9569403 -0.9998603 -0.9832168
-0.9659258 -0.9998723 -0.9839455
-0.9738770 -0.9998821 -0.9845648
-0.9807853 -0.9998900 -0.9850843
-0.9866433 -0.9998962 -0.9855117
-0.9914449 -0.9999011 -0.9858532
-0.9951847 -0.9999047 -0.9861139
-0.9978589 -0.9999072 -0.9862975
-0.9994646 -0.9999087 -0.9864066
-1.0000000 -0.9999092 -0.9864428
-0.9994646 -0.9999087 -0.9864066
-0.9978589 -0.9999072 -0.9862975
-0.9951847 -0.9999047 -0.9861139
-0.9914449 -0.9999011 -0.9858532
-0.9866433 -0.9998962 -0.9855117
-0.9807853 -0.9998900 -0.9850843
-0.9738770 -0.9998821 -0.9845648
-0.9659258 -0.9998723 -0.9839455
-0.9569403 -0.9998603 -0.9832168
-0.9469301 -0.9998456 -0.9823674
-0.9359059 -0.9998276 -0.9813840
-0.9238795 -0.9998056 -0.9802505
-0.9108638 -0.9997786 -0.9789482
-0.8968727 -0.9997454 -0.9774549
-0.8819213 -0.9997043 -0.9757446
-0.8660254 -0.9996534 -0.9737868
-0.8492022 -0.9995899 -0.9715455
-0.8314696 -0.9995103 -0.9689788
-0.8128467 -0.9994101 -0.9660374
-0.7933533 -0.9992832 -0.9626637
-0.7730105 -0.9991216 -0.9587903
-0.7518398 -0.9989146 -0.9543382
-0.7298641 -0.9986480 -0.9492156
-0.7071068 -0.9983028 -0.9433154
-0.6835923 -0.9978533 -0.9365134
-0.6593458 -0.9972651 -0.9286656
-0.6343933 -0.9964914 -0.9196062
-0.6087614 -0.9954686 -0.9091449
-0.5824777 -0.9941104 -0.8970648
-0.5555702 -0.9922990 -0.8831206
-0.5280679 -0.9898735 -0.8670369
-0.5000000 -0.9866142 -0.8485087
-0.4713967 -0.9822210 -0.8272025
-0.4422887 -0.9762853 -0.8027600
-0.4127070 -0.9682517 -0.7748050
-0.3826834 -0.9573712 -0.7429531
-0.3522500 -0.9426421 -0.7068269
-0.3214395 -0.9227443 -0.6660756
-0.2902847 -0.8959734 -0.6203991
-0.2588190 -0.8601946 -0.5695771
-0.2270763 -0.8128522 -0.5135010
-0.1950903 -0.7510893 -0.4522057
-0.1628955 -0.6720519 -0.3858988
-0.1305262 -0.5734376 -0.3149811
-0.0980171 -0.4542837 -0.2400554
-0.0654031 -0.3158361 -0.1619190
-0.0327191 -0.1621511 -0.0815374
-0.0000000 -0.0000000 -0.0000000
+0.0327191 +0.1621511 +0.0815374
+0.0654031 +0.3158361 +0.1619190
+0.0980171 +0.4542837 +0.2400554
+0.1305262 +0.5734376 +0.3149811
+0.1628955 +0.6720519 +0.3858988
+0.1950903 +0.7510893 +0.4522057
+0.2270763 +0.8128522 +0.5135010
+0.2588190 +0.8601946 +0.5695771
+0.2902847 +0.8959734 +0.6203991
+0.3214395 +0.9227443 +0.6660756
+0.3522500 +0.9426421 +0.7068269
+0.3826834 +0.9573712 +0.7429531
+0.4127070 +0.9682517 +0.7748050
+0.4422887 +0.9762853 +0.8027600
+0.4713967 +0.9822210 +0.8272025
+0.5000000 +0.9866142 +0.8485087
+0.5280679 +0.9898735 +0.8670369
+0.5555702 +0.9922990 +0.8831206
+0.5824777 +0.9941104 +0.8970648
+0.6087614 +0.9954686 +0.9091449
+0.6343933 +0.9964914 +0.9196062
+0.6593458 +0.9972651 +0.9286656
+0.6835923 +0.9978533 +0.9365134
+0.7071068 +0.9983028 +0.9433154
+0.7298641 +0.9986480 +0.9492156
+0.7518398 +0.9989146 +0.9543382
+0.7730105 +0.9991216 +0.9587903
+0.7933533 +0.9992832 +0.9626637
+0.8128467 +0.9994101 +0.9660374
+0.8314696 +0.9995103 +0.9689788
+0.8492022 +0.9995899 +0.9715455
+0.8660254 +0.9996534 +0.9737868
+0.8819213 +0.9997043 +0.9757446
+0.8968727 +0.9997454 +0.9774549
+0.9108638 +0.9997786 +0.9789482
+0.9238795 +0.9998056 +0.9802505
+0.9359059 +0.9998276 +0.9813840
+0.9469301 +0.9998456 +0.9823674
+0.9569403 +0.9998603 +0.9832168
+0.9659258 +0.9998723 +0.9839455
+0.9738770 +0.9998821 +0.9845648
+0.9807853 +0.9998900 +0.9850843
+0.9866433 +0.9998962 +0.9855117
+0.9914449 +0.9999011 +0.9858532
+0.9951847 +0.9999047 +0.9861139
+0.9978589 +0.9999072 +0.9862975
+0.9994646 +0.9999087 +0.9864066
+1.0000000 +0.9999092 +0.9864428
+0.9994646 +0.9999087 +0.9864066
+0.9978589 +0.9999072 +0.9862975
+0.9951847 +0.9999047 +0.9861139
+0.9914449 +0.9999011 +0.9858532
+0.9866433 +0.9998962 +0.9855117
+0.9807853 +0.9998900 +0.9850843
+0.9738770 +0.9998821 +0.9845648
+0.9659258 +0.9998723 +0.9839455
+0.9569403 +0.9998603 +0.9832168
+0.9469301 +0.9998456 +0.9823674
+0.9359059 +0.9998276 +0.9813840
+0.9238795 +0.9998056 +0.9802505
+0.9108638 +0.9997786 +0.9789482
+0.8968727 +0.9997454 +0.9774549
+0.8819213 +0.9997043 +0.9757446
+0.8660254 +0.9996534 +0.9737868
+0.8492022 +0.9995899 +0.9715455
+0.8314696 +0.9995103 +0.9689788
+0.8128467 +0.9994101 +0.9660374
+0.7933533 +0.9992832 +0.9626637
+0.7730105 +0.9991216 +0.9587903
+0.7518398 +0.9989146 +0.9543382
+0.7298641 +0.9986480 +0.9492156
+0.7071068 +0.9983028 +0.9433154
+0.6835923 +0.9978533 +0.9365134
+0.6593458 +0.9972651 +0.9286656
+0.6343933 +0.9964914 +0.9196062
+0.6087614 +0.9954686 +0.9091449
+0.5824777 +0.9941104 +0.8970648
+0.5555702 +0.9922990 +0.8831206
+0.5280679 +0.9898735 +0.8670369
+0.5000000 +0.9866142 +0.8485087
+0.4713967 +0.9822210 +0.8272025
+0.4422887 +0.9762853 +0.8027600
+0.4127070 +0.9682517 +0.7748050
+0.3826834 +0.9573712 +0.7429531
+0.3522500 +0.9426421 +0.7068269
+0.3214395 +0.9227443 +0.6660756
+0.2902847 +0.8959734 +0.6203991
+0.2588190 +0.8601946 +0.5695771
+0.2270763 +0.8128522 +0.5135010
+0.1950903 +0.7510893 +0.4522057
+0.1628955 +0.6720519 +0.3858988
+0.1305262 +0.5734376 +0.3149811
+0.0980171 +0.4542837 +0.2400554
+0.0654031 +0.3158361 +0.1619190
+0.0327191 +0.1621511 +0.0815374
+0.0000000 +0.0000000 +0.0000000
-0.0327191 -0.1621511 -0.0815374
-0.0654031 -0.3158361 -0.1619190
-0.0980171 -0.4542837 -0.2400554
-0.1305262 -0.5734376 -0.3149811
-0.1628955 -0.6720519 -0.3858988
-0.1950903 -0.7510893 -0.4522057
-0.2270763 -0.8128522 -0.5135010
-0.2588190 -0.8601946 -0.5695771
-0.2902847 -0.8959734 -0.6203991
-0.3214395 -0.9227443 -0.6660756
-0.3522500 -0.9426421 -0.7068269
-0.3826834 -0.9573712 -0.7429531
-0.4127070 -0.9682517 -0.7748050
-0.4422887 -0.9762853 -0.8027600
-0.4713967 -0.9822210 -0.8272025
-0.5000000 -0.9866142 -0.8485087
-0.5280679 -0.9898735 -0.8670369
-0.5555702 -0.9922990 -0.8831206
-0.5824777 -0.9941104 -0.8970648
-0.6087614 -0.9954686 -0.9091449
-0.6343933 -0.9964914 -0.9196062
-0.6593458 -0.9972651 -0.9286656
-0.6835923 -0.9978533 -0.9365134
-0.7071068 -0.9983028 -0.9433154
-0.7298641 -0.9986480 -0.9492156
-0.7518398 -0.9989146 -0.9543382
-0.7730105 -0.9991216 -0.9587903
-0.7933533 -0.9992832 -0.9626637
-0.8128467 -0.9994101 -0.9660374
-0.8314696 -0.9995103 -0.9689788
-0.8492022 -0.9995899 -0.9715455
-0.8660254 -0.9996534 -0.9737868
-0.8819213 -0.9997043 -0.9757446
-0.8968727 -0.9997454 -0.9774549
-0.9108638 -0.9997786 -0.9789482
-0.9238795 -0.9998056 -0.9802505
-0.9359059 -0.9998276 -0.9813840
-0.9469301 -0.9998456 -0.9823674
-0.9569403 -0.9998603 -0.9832168
-0.9659258 -0.9998723 -0.9839455
-0.9738770 -0.9998821 -0.9845648
-0.9807853 -0.9998900 -0.9850843
-0.9866433 -0.9998962 -0.9855117
-0.9914449 -0.9999011 -0.9858532
-0.9951847 -0.9999047 -0.9861139
-0.9978589 -0.9999072 -0.9862975
-0.9994646 -0.9999087 -0.9864066
-1.0000000 -0.9999092 -0.9864428
-0.9994646 -0.9999087 -0.9864066
-0.9978589 -0.9999072 -0.9862975
-0.9951847 -0.9999047 -0.9861139
-0.9914449 -0.9999011 -0.9858532
-0.9866433 -0.9998962 -0.9855117
-0.9807853 -0.9998900 -0.9850843
-0.9738770 -0.9998821 -0.9845648
-0.9659258 -0.9998723 -0.9839455
-0.9569403 -0.9998603 -0.9832168
-0.9469301 -0.9998456 -0.9823674
-0.9359059 -0.9998276 -0.9813840
-0.9238795 -0.9998056 -0.9802505
-0.9108638 -0.9997786 -0.9789482
-0.8968727 -0.9997454 -0.9774549
-0.8819213 -0.9997043 -0.9757446
-0.8660254 -0.9996534 -0.9737868
-0.8492022 -0.9995899 -0.9715455
-0.8314696 -0.9995103 -0.9689788
-0.8128467 -0.9994101 -0.9660374
-0.7933533 -0.9992832 -0.9626637
-0.7730105 -0.9991216 -0.9587903
-0.7518398 -0.9989146 -0.9543382
-0.7298641 -0.9986480 -0.9492156
-0.7071068 -0.9983028 -0.9433154
-0.6835923 -0.9978533 -0.9365134
-0.6593458 -0.9972651 -0.9286656
-0.6343933 -0.9964914 -0.9196062
-0.6087614 -0.9954686 -0.9091449
-0.5824777 -0.9941104 -0.8970648
-0.5555702 -0.9922990 -0.8831206
-0.5280679 -0.9898735 -0.8670369
-0.5000000 -0.9866142 -0.8485087
-0.4713967 -0.9822210 -0.8272025
-0.4422887 -0.9762853 -0.8027600
-0.4127070 -0.9682517 -0.7748050
-0.3826834 -0.9573712 -0.7429531
-0.3522500 -0.9426421 -0.7068269
-0.3214395 -0.9227443 -0.6660756
-0.2902847 -0.8959734 -0.6203991
-0.2588190 -0.8601946 -0.5695771
-0.2270763 -0.8128522 -0.5135010
-0.1950903 -0.7510893 -0.4522057
-0.1628955 -0.6720519 -0.3858988
-0.1305262 -0.5734376 -0.3149811
-0.0980171 -0.4542837 -0.2400554
-0.0654031 -0.3158361 -0.1619190
-0.0327191 -0.1621511 -0.0815374
-0.0000000 -0.0000000 -0.0000000
+0.0327191 +0.1621511 +0.0815374
+0.0654031 +0.3158361 +0.1619190
+0.0980171 +0.4542837 +0.2400554
+0.1305262 +0.5734376 +0.3149811
+0.1628955 +0.6720519 +0.3858988
+0.1950903 +0.7510893 +0.4522057
+0.2270763 +0.8128522 +0.5135010
+0.2588190 +0.8601946 +0.5695771
+0.2902847 +0.8959734 +0.6203991
+0.3214395 +0.9227443 +0.6660756
+0.3522500 +0.9426421 +0.7068269
+0.3826834 +0.9573712 +0.7429531
+0.4127070 +0.9682517 +0.7748050
+0.4422887 +0.9762853 +0.8027600
+0.4713967 +0.9822210 +0.8272025
+0.5000000 +0.9866142 +0.8485087
+0.5280679 +0.9898735 +0.8670369
+0.5555702 +0.9922990 +0.8831206
+0.5824777 +0.9941104 +0.8970648
+0.6087614 +0.9954686 +0.9091449
+0.6343933 +0.9964914 +0.9196062
+0.6593458 +0.9972651 +0.9286656
+0.6835923 +0.9978533 +0.9365134
+0.7071068 +0.9983028 +0.9433154
+0.7298641 +0.9986480 +0.9492156
+0.7518398 +0.9989146 +0.9543382
+0.7730105 +0.9991216 +0.9587903
+0.7933533 +0.9992832 +0.9626637
+0.8128467 +0.9994101 +0.9660374
+0.8314696 +0.9995103 +0.9689788
+0.8492022 +0.9995899 +0.9715455
+0.8660254 +0.9996534 +0.9737868
+0.8819213 +0.9997043 +0.9757446
+0.8968727 +0.9997454 +0.9774549
+0.9108638 +0.9997786 +0.9789482
+0.9238795 +0.9998056 +0.9802505
+0.9359059 +0.9998276 +0.9813840
+0.9469301 +0.9998456 +0.9823674
+0.9569403 +0.9998603 +0.9832168
+0.9659258 +0.9998723 +0.9839455
+0.9738770 +0.9998821 +0.9845648
+0.9807853 +0.9998900 +0.9850843
+0.9866433 +0.9998962 +0.9855117
+0.9914449 +0.9999011 +0.9858532
+0.9951847 +0.9999047 +0.9861139
+0.9978589 +0.9999072 +0.9862975
+0.9994646 +0.9999087 +0.9864066
+1.0000000 +0.9999092 +0.9864428
+0.9994646 +0.9999087 +0.9864066
+0.9978589 +0.9999072 +0.9862975
+0.9951847 +0.9999047 +0.9861139
+0.9914449 +0.9999011 +0.9858532
+0.9866433 +0.9998962 +0.9855117
+0.9807853 +0.9998900 +0.9850843
+0.9738770 +0.9998821 +0.9845648
+0.9659258 +0.9998723 +0.9839455
+0.9569403 +0.9998603 +0.9832168
+0.9469301 +0.9998456 +0.9823674
+0.9359059 +0.9998276 +0.9813840
+0.9238795 +0.9998056 +0.9802505
+0.9108638 +0.9997786 +0.9789482
+0.8968727 +0.9997454 +0.9774549
+0.8819213 +0.9997043 +0.9757446
+0.8660254 +0.9996534 +0.9737868
+0.8492022 +0.9995899 +0.9715455
+0.8314696 +0.9995103 +0.9689788
+0.8128467 +0.9994101 +0.9660374
+0.7933533 +0.9992832 +0.9626637
+0.7730105 +0.9991216 +0.9587903
+0.7518398 +0.9989146 +0.9543382
+0.7298641 +0.9986480 +0.9492156
+0.7071068 +0.9983028 +0.9433154
+0.6835923 +0.9978533 +0.9365134
+0.6593458 +0.9972651 +0.9286656
+0.6343933 +0.9964914 +0.9196062
+0.6087614 +0.9954686 +0.9091449
+0.5824777 +0.9941104 +0.8970648
+0.5555702 +0.9922990 +0.8831206
+0.5280679 +0.9898735 +0.8670369
+0.5000000 +0.9866142 +0.8485087
+0.4713967 +0.9822210 +0.8272025
+0.4422887 +0.9762853 +0.8027600
+0.4127070 +0.9682517 +0.7748050
+0.3826834 +0.9573712 +0.7429531
+0.3522500 +0.9426421 +0.7068269
+0.3214395 +0.9227443 +0.6660756
+0.2902847 +0.8959734 +0.6203991
+0.2588190 +0.8601946 +0.5695771
+0.2270763 +0.8128522 +0.5135010
+0.1950903 +0.7510893 +0.4522057
+0.1628955 +0.6720519 +0.3858988
+0.1305262 +0.5734376 +0.3149811
+0.0980171 +0.4542837 +0.2400554
+0.0654031 +0.3158361 +0.1619190
+0.0327191 +0.1621511 +0.0815374
